a <- 
structure(c(120, 90, 107, 129, 86, 122, 121, 116, 77, 126, 124, 127, 100, 88, 90, 109, 84, 83, 88, 81, 92, 125, 124,
85, 115, 98, 98, 86, 128, 98, 98, 119, 80, 83, 128, 108, 71, 92, 123, 70, 112, 104, 74, 106, 125, 81, 73, 87, 98, 78,
80, 104, 98, 114, 119, 120, 111, 103, 88, 116, 113, 78, 79, 77, 97, 100, 102, 85, 71, 83, 74, 90, 81, 74, 117, 123,
115, 109, 86, 75, 70, 118, 82, 93, 87, 123, 128, 94, 95, 118, 93, 90, 125, 122, 89, 120, 111, 110, 98, 73, 85, 123,
103, 78, 106, 101, 121, 90, 98, 92, 86, 83, 83, 72, 109, 120, 93, 78, 110, 76, 90, 112, 90, 95, 76, 93, 110, 120, 117,
128, 80, 81, 129, 71, 102, 107, 72, 123, 112, 124, 108, 88, 93, 100, 111, 72, 112, 70, 115, 118, 79, 106, 118, 86, 87,
100, 84, 97, 125, 92, 72, 76, 117, 91, 72, 129, 114, 97, 113, 118, 90, 100, 75, 104, 93, 74, 107, 125, 129, 79, 82, 74,
112, 123, 77, 75, 71, 114, 79, 120, 124, 127, 95, 124, 116, 103, 73, 122, 105, 108, 88, 98, 99, 76, 120, 112, 72, 114,
111, 73, 118, 123, 106, 119, 116, 109, 128, 112, 109, 99, 88, 113, 111, 70, 93, 109, 100, 101, 70, 128, 84, 116, 108,
121, 127, 109, 85, 127, 116, 113, 104, 88, 92, 100, 97, 100, 113, 107, 126, 86, 99, 102, 123, 86, 105, 75, 111, 119,
77, 122, 89, 105, 100, 86, 127, 126, 82, 94, 102, 78, 110, 70, 110, 129, 96, 120, 103, 94, 71, 118, 92, 114, 77, 100,
92, 102, 104, 88, 118, 94, 117, 89, 99, 72, 85, 105, 99, 126, 73, 70, 94, 108, 86, 116, 92, 96, 97, 80, 80, 100, 82,
125, 74, 129, 118, 126, 124, 87, 79, 126, 91, 99, 122, 91, 116, 119, 118, 99, 90, 75, 128, 74, 75, 99, 106, 85, 96,
113, 125, 80, 73, 96, 97, 100, 74, 81, 81, 70, 73, 124, 129, 95, 101, 71, 74, 100, 113, 123, 117, 112, 92, 73, 122, 99,
86, 81, 121, 75, 72, 119, 91, 100, 127, 83, 74, 78, 79, 112, 87, 127, 73, 81, 127, 106, 102, 85, 119, 88, 91, 116, 123,
96, 114, 87, 95, 108, 106, 114, 105, 87, 126, 94, 106, 128, 90, 82, 70, 79, 73, 114, 99, 109, 91, 89, 104, 77, 98, 74,
125, 123, 74, 106, 84, 93, 80, 105, 100, 81, 91, 94, 98, 81, 121, 70, 124, 81, 112, 119, 110, 75, 120, 121, 70, 101,
104, 123, 87, 113, 115, 70, 79, 100, 75, 74, 129, 71, 94, 73, 108, 122, 101, 76, 76, 78, 106, 102, 118, 99, 105, 103,
80, 83, 119, 77, 127, 105, 121, 119, 93, 127, 104, 124, 83, 118, 127, 118, 116, 114, 104, 91, 81, 83, 99, 115, 99, 127,
107, 116, 91, 113, 123, 103, 73, 77, 116, 89, 126, 107, 89, 121, 91, 126, 102, 75, 120, 85, 105, 83, 93, 121, 86, 124,
97, 117, 100, 96, 105, 74, 115, 122, 121, 123, 80, 75, 80, 110, 74, 107, 103, 108, 91, 123, 117, 72, 95, 82, 120, 128,
89, 90, 77, 101, 104, 105, 80, 121, 75, 129, 113, 89, 77, 101, 92, 98, 82, 77, 116, 101, 93, 104, 100, 85, 122, 112,
85, 111, 84, 118, 113, 83, 128, 116, 122, 119, 121, 78, 88, 116, 97, 70, 101, 111, 78, 126, 82, 90, 116, 99, 95, 71,
79, 109, 123, 113, 88, 76, 105, 129, 125, 101, 82, 78, 70, 123, 106, 114, 103, 81, 119, 103, 93, 108, 86, 105, 101,
126, 110, 105, 106, 92, 79, 77, 124, 92, 94, 96, 87, 106, 104, 119, 72, 106, 108, 84, 118, 115, 72, 70, 91, 126, 86,
110, 110, 124, 127, 116, 81, 103, 76, 84, 78, 126, 102, 124, 86, 85, 82, 80, 87, 100, 90, 90, 109, 88, 105, 115, 120,
78, 97, 120, 75, 73, 106, 127, 81, 117, 117, 114, 109, 74, 126, 105, 71, 75, 112, 97, 84, 116, 86, 80, 101, 72, 119,
83, 76, 85, 75, 104, 80, 121, 113, 120, 117, 85, 85, 75, 127, 106, 80, 112, 74, 85, 124, 85, 108, 105, 71, 128, 124,
114, 81, 109, 81, 116, 96, 90, 118, 72, 123, 118, 127, 105, 107, 73, 100, 121, 82, 80, 90, 110, 122, 89, 89, 72, 98,
124, 94, 71, 80, 76, 116, 89, 121, 129, 97, 117, 89, 108, 104, 102, 108, 94, 100, 110, 77, 72, 98, 90, 105, 95, 82,
121, 75, 101, 114, 93, 122, 92, 102, 99, 107, 70, 83, 83, 124, 87, 92, 119, 116, 119, 85, 71, 102, 117, 98, 83, 91,
120, 118, 76, 77, 121, 108, 79, 91, 97, 111, 81, 112, 70, 94, 77, 113, 107, 127, 78, 111, 121, 71, 101, 105, 105, 80,
79, 77, 111, 94, 127, 104, 111, 105, 76, 100, 86, 111, 125, 114, 94, 109, 129, 128, 80, 76, 81, 122, 81, 114, 120, 71,
124, 110, 70, 126, 127, 103, 71, 92, 96, 111, 78, 72, 113, 94, 123, 119, 80, 80, 121, 85, 94, 92, 116, 99, 125, 117,
125, 87, 111, 129, 84, 96, 98, 118, 90, 122, 108, 76, 125, 92, 87, 112, 79, 112, 100, 124, 104, 99, 75, 120, 98, 113,
75, 116, 80, 104, 91, 112, 111, 96, 79, 95, 106, 113, 121, 98, 113, 112, 82, 125, 108, 122, 82, 75, 120, 95, 80, 95,
125, 108, 115, 74, 104, 101, 102, 76, 111, 112, 93, 75, 78, 70, 110, 120, 78, 124, 119, 93, 73, 90, 110, 72, 80, 102,
116, 100, 78, 75, 113, 78, 129, 80, 71, 90, 86, 107, 121, 129, 82, 120, 115, 109, 102, 94, 96, 70, 77, 100, 80, 73, 73,
127, 125, 85, 85, 97, 78, 82, 98, 94, 129),
.Dim = c(1000, 1))
